$ 1 0.000005 25.510281670702206 1 3.3 50 5e-11
R 192 208 160 208 0 1 2 1.65 1.65 0 0.5
r 288 208 192 208 0 1000
g 288 304 288 336 0 0
r 288 208 288 304 0 1000
r 192 112 288 112 0 1000
r 288 112 432 112 0 1000
w 432 192 432 112 0
w 288 112 288 176 0
a 288 192 432 192 8 3.3 0 1000000 0.10123893064533995 0.10122445715251958 100000
r 448 192 496 192 0 100
c 496 192 592 192 4 0.000001 0.199539594513195 0.001 0
w 496 192 496 256 0
w 592 192 592 272 0
g 496 288 496 336 0 0
w 896 192 800 192 0
R 864 80 864 48 0 0 40 3.3 0 0 0.5
g 864 320 864 336 0 0
r 864 272 864 320 0 10000
r 864 144 864 80 0 10000
w 864 224 864 144 0
w 864 224 864 272 0
w 864 224 896 224 0
r 1008 272 864 272 0 100000
w 1008 208 1008 272 0
a 896 208 1008 208 8 3.3 0 1000000 3.3000035682035325 1.5714203401584377 100000
w 1008 208 1008 0 0
w 1008 0 192 0 0
w 192 0 192 112 0
g 672 304 672 336 0 0
w 768 192 768 288 0
w 672 192 672 272 0
c 672 192 768 192 4 0.000001 -3.2643050328770924 0.001 0
r 624 192 672 192 0 100
w 432 192 448 192 0
w 592 192 624 192 0
w 768 192 800 192 0
a 672 288 768 288 9 3.3 0 1000000 0 0.035698535326440045 100000
a 496 272 592 272 8 3.3 0 1000000 0.19951964419877513 0 100000
! MCU 0 A,B C,D MCU A\sB\n
208 1088 208 1152 208 0 MCU 0 0
w 1008 208 1088 208 0
w 1072 240 1088 240 0
x 1106 186 1142 189 4 16 MCU
x 67 173 251 176 4 20 Analog\sVoltage\sInput
x 1227 205 1312 208 4 24 SWCLK
x 1229 238 1310 241 4 24 SWDIO
w 1184 208 1312 208 0
w 1184 240 1312 240 0
x 324 155 383 158 4 16 Op-Amp
x 686 246 745 249 4 16 Op-Amp
x 514 234 573 237 4 16 Op-Amp
x 917 163 976 166 4 16 Op-Amp
w 1072 240 1072 336 0
w 1072 336 976 336 0
x 976 334 1048 337 4 24 MODE
o 0 32 0 167950 1.25 0.1 0 2 0 3 input
