$ 1 0.000005 25.510281670702206 57 5 50 5e-11
R 144 208 112 208 0 1 10 1.65 1.65 0 0.5
r 288 208 144 208 0 10000
g 288 304 288 336 0 0
r 288 208 288 304 0 10000
r 192 112 288 112 0 10000
r 288 112 432 112 0 10000
w 432 192 432 112 0
w 288 112 288 176 0
a 288 192 432 192 8 3.3 0 1000000 1.5294951959777177 1.529509288081694 100000
r 448 192 496 192 0 2100
c 496 192 592 192 4 1.0000000000000001e-7 3.046987670363262 0.001 0
w 496 192 496 256 0
w 592 192 592 272 0
g 496 288 496 336 0 0
w 896 192 800 192 0
R 864 112 864 64 0 0 40 3.3 0 0 0.5
g 864 320 864 336 0 0
r 864 272 864 320 0 100000
r 864 144 864 112 0 100000
w 864 224 864 144 0
w 864 224 864 272 0
w 864 224 896 224 0
r 1008 272 864 272 0 100000
w 1008 208 1008 272 0
a 896 208 1008 208 8 3.3 0 1000000 3.3000000747892644 1.099926664769666 100000
w 1008 208 1008 0 0
w 1008 0 192 0 0
w 192 0 192 112 0
g 672 288 672 336 0 0
w 768 192 768 272 0
w 672 192 672 256 0
c 672 192 768 192 4 1.0000000000000001e-7 -3.2992356821441695 0.001 0
r 624 192 672 192 0 2100
w 432 192 448 192 0
w 592 192 624 192 0
w 768 192 800 192 0
a 672 272 768 272 9 3.3 0 1000000 0 0.0007643926450946824 100000
a 496 272 592 272 8 3.3 0 1000000 3.0466830037128907 0 100000
! default 0 A,B C,D custom\slogic \n
208 1088 176 1120 176 8192 3.3 default 0 0
w 1008 208 1088 208 0
w 1088 176 1040 176 0
x 1040 175 1087 178 4 16 MODE
x 1105 160 1141 163 4 16 MCU
x 1187 173 1296 176 4 16 DATA\sOUTPUT
w 1184 176 1296 176 0
w 1184 208 1296 208 0
x 1188 205 1297 208 4 16 DATA\sOUTPUT
x 27 174 222 177 4 16 ANALOG\sVOLTAGE\sINPUT
x 918 169 977 172 4 16 Op-Amp
x 509 234 568 237 4 16 Op-Amp
x 687 234 746 237 4 16 Op-Amp
x 328 150 387 153 4 16 Op-Amp
o 0 32 0 167950 5 0.1 0 2 0 3 input
o 39 32 0 167950 6.600345777864312 0.0001 1 2 39 3 output
