$ 1 0.000005 382.76258214399064 56 5 50 5e-11
w -144 -576 -144 -448 0
w 384 -576 176 -576 2
w 384 -368 384 -576 0
R -144 -336 -176 -336 0 0 10 0.02 0 0 0.5
w 416 -368 464 -368 0
w -144 -448 -144 -368 0
w 96 -352 272 -352 2
R 240 -480 240 -528 0 0 40 3.3 0 0 0.5
g 240 -240 240 -224 0 0
r 240 -480 240 -384 0 100000
r 240 -288 240 -240 0 100000
w 240 -384 240 -288 0
w 240 -384 272 -384 0
w 80 -576 -144 -576 0
w 384 -368 416 -368 0
c 96 -352 96 -288 4 1.0000000000000001e-7 2.0828573785887947 0.001 0
w -64 -352 16 -352 0
r 96 -352 16 -352 0 100000
r 176 -576 80 -576 0 100000
c 80 -576 80 -512 4 1.0000000000000001e-7 0.042780520832244325 0.001 0
a -144 -352 -64 -352 8 15 -15 1000000 0.042780520832244325 0.02 100000
a 272 -368 384 -368 8 15 -15 1000000 1.65 2.0828573785887947 100000
g 96 -288 96 -272 0 0
g 80 -512 80 -496 0 0
o 3 8 0 167950 0.07734374999992044 0.0001 0 2 3 3
o 4 8 0 167950 17.615014735254224 0.0001 1 2 4 3
