$ 1 0.000005 19.867427341514983 46 5 50 5e-11
R 192 208 160 208 0 1 100 1.65 1.65 0 0.5
r 288 208 192 208 0 1000
g 288 256 288 304 0 0
r 288 208 288 256 0 1000
r 192 112 288 112 0 1000
r 288 112 432 112 0 1000
w 432 192 432 112 0
w 288 112 288 176 0
a 288 192 432 192 8 3.3 -3.3 1000000 1.4939622753860105 1.493959154455481 100000
r 544 112 608 112 0 1000
w 512 112 544 112 0
w 544 256 608 256 0
w 512 256 544 256 0
c 608 144 752 144 4 0.0000058 -1.552517557520305 0.001 0
a 608 192 752 192 8 3.3 -3.3 1000000 -0.0000155250203249998 0 100000
w 608 208 608 256 0
w 608 144 608 176 0
w 608 112 608 144 0
w 752 144 752 192 0
w 432 192 512 112 0
g 512 256 512 304 0 0
w 752 192 800 192 0
w 896 192 800 192 0
R 864 80 864 48 0 0 40 3.3 0 0 0.5
g 864 336 864 368 0 0
r 864 272 864 336 0 10000
r 864 144 864 80 0 10000
w 864 224 864 144 0
w 864 224 864 272 0
w 864 224 896 224 0
r 1008 272 864 272 0 100000
w 1008 208 1008 272 0
a 896 208 1008 208 8 3.3 -3.3 1000000 1.5525020324999799 1.7285722668439731 100000
w 1008 208 1008 -48 0
w 1008 -48 192 -48 0
w 192 -48 192 112 0
O 1008 208 1056 208 0 0
o 0 32 0 167950 5 0.1 0 2 0 3 input
o 19 32 0 167950 10 0.1 1 2 19 3 diff\samp\sout
o 21 32 0 167950 5 0.1 2 2 21 3 int\sout
o 36 32 0 167950 5 0.1 3 1
