$ 1 0.000005 25.510281670702206 57 5 50 5e-11
R 192 208 160 208 0 1 10 1.65 1.65 0 0.5
r 288 208 192 208 0 1000
g 288 304 288 336 0 0
r 288 208 288 304 0 1000
r 192 112 288 112 0 1000
r 288 112 432 112 0 1000
w 432 192 432 112 0
w 288 112 288 176 0
a 288 192 432 192 8 3.3 -3.3 1000000 -0.0006271942435640896 1.0420952677526303 100000
r 448 192 496 192 0 1000
c 496 192 592 192 4 0.000001 2.3411504732363175 0.001 0
w 496 192 496 224 0
w 592 192 592 240 0
g 496 256 496 336 0 0
w 896 192 800 192 0
R 864 80 864 48 0 0 40 3.3 0 0 0.5
g 864 320 864 336 0 0
r 864 272 864 320 0 10000
r 864 144 864 80 0 10000
w 864 224 864 144 0
w 864 224 864 272 0
w 864 224 896 224 0
r 1008 272 864 272 0 100000
w 1008 208 1008 272 0
a 896 208 1008 208 8 3.3 -3.3 1000000 15.00082834958894 1.4142210163126983 100000
w 1008 208 1008 0 0
w 1008 0 192 0 0
w 192 0 192 112 0
O 1008 208 1056 208 0 0
g 672 256 672 336 0 0
w 768 192 768 240 0
w 672 192 672 224 0
c 672 192 768 192 4 0.000001 -6.717182460194339 0.001 0
r 624 192 672 192 0 1000
w 432 192 448 192 0
w 592 192 624 192 0
w 768 192 800 192 0
a 672 240 768 240 9 15 -15 1000000 0 8.2836458893946 100000
a 496 240 592 240 8 15 -15 1000000 0.00002341127061965698 0 100000
o 0 32 0 167950 5 0.1 0 2 0 3 input
o 28 32 0 167950 5 0.1 1 1
