$ 1 0.000005 7.619785657297057 56 5 50 5e-11
w -144 -576 -144 -448 0
w 384 -576 0 -576 2
w 384 -464 384 -576 0
a 272 -368 384 -368 8 3.3 0.01 1000000 1.65 1.6540843672107142 100000
R -144 -336 -176 -336 0 0 10 2.56 0 0 0.5
a -144 -352 -64 -352 8 3.3 0.01 1000000 2.6782758143210414 2.56 100000
w 416 -368 480 -368 0
R -208 -448 -256 -448 0 0 40 0 0 0 0.5
r -208 -448 -144 -448 0 100000
r -144 -448 -64 -448 0 100000
w -64 -448 -64 -352 2
w -144 -448 -144 -368 0
w 64 -352 272 -352 2
R 240 -480 240 -528 0 0 40 3.3 0 0 0.5
g 240 -240 240 -224 0 0
r 240 -480 240 -384 0 100000
r 240 -288 240 -240 0 100000
w 240 -384 240 -288 0
w 240 -384 272 -384 0
w -64 -576 -144 -576 0
w 384 -368 384 -464 0
w 384 -368 416 -368 0
c 64 -352 64 -272 4 0.000009999999999999999 1.6540843672107142 0.001 0
r -64 -352 64 -352 0 100
R 64 -272 64 -240 0 0 40 0 0 0 0.5
r -64 -576 0 -576 0 100
c -64 -576 -64 -512 4 0.000009999999999999999 2.6782758143210414 0.001 0
R -64 -512 -64 -480 0 0 40 0 0 0 0.5
R 0 -512 0 -480 0 0 40 0 0 0 0.5
o 4 8 0 167950 4.949999999994908 0.0001 0 2 4 3
o 6 1 0 167950 4.000000057949589 0.0001 1 2 6 3
